ᾗ 11111111.

mecummet 111 1111 11111111, 11111111 111 111111 1111111111111111111
1111111111111111 1111111 coelestis Urbs Ierusalem Q 511. 13111111111111
111111 Q 111. 1111111111.,1111111 Ambrosiam. 11111111 111 umbramus
1111111 (11111111. 11111111 111 11111111111111111111111 1. 3. 1521 Q 81 .
1111111111111111111111111111111111111111Θ1611. 1111111. Die
’ 6111111111 nummumque. 1111111111 111 11111τί11 111 1111111111
1111111111, nummu). 1111111111 11111111111111 Q 1111. §ou 111
1111111111 1111111111 Christe 111111111111 111 1111111111111111Ρ111111
euuleuiu 111 1111111111 1111111111 1. 3. 1505. 1111111111 11111111 111111
111 6111111111. 11111111 111· 111 111111111111 111 1111111111 euge
1111111111 beuta 111111111111111111111111 111 1111111111 111 1111111111 Qum
11111 1111111111111111111. (1111111111) Q 1811. (11111111 111 11111111
Qtroubeu Q 2011. 1. 111111111111111111 11111111, 11111111111111111111
111111111111111111111111111111111. Regnum coelorum Q. 21 11. 151111

1111111 (urbs) 11111111111111111111111111. 1111111111 111 1111111 111 '

Qtuut. 1311 1111111111111111 111111 Qtuet 1111 (111111. 2211. 3111111
111 111 111 11111111 5811111111 111 111111 11111111 1111111111 111 1111111111·
11111 11111111ὓ1111111111111111111111 11111111 111 Θ11111111111 Q 23 11.
Beata pacis visi03 111111 111 11111111. 61111111111111111111111111111111
pacis laetitia 11 1111 11111111111Ὁ11111111111 1111111111 Au perennis vitae
fontem 111. 111111 1111111111 111 111111111111111111. 1111111111111
λ 111 111111 Q 25 11. 111111111111111 111 111111 1111111 111 111 1111111111,
11 1111111111111111 Qun 1111111111 1111111111111 1111111111 (eruum, 1111ί
1111111111) 11111111. Ἐ11111111 111 1111111111 in 11111 11111111 emmim
1111, mei( 1111 1111111111111 1111111111 1111111111 111 111) Q 2911.
sponsaeque ritu3 1111111111 11111 11111111 1111111 1111111111 111 111111
Q 31 11. Die 1111 11111 111 1111 1111111111111111111111111111011
11111111 111 11. 1»511111 111 1111111 111. 111111111111111 Qummu. Quuueuget
(13211. ll. 111111111111111111111111 111111 111 111111111111111111ιός
6111111. Die 1111111 111 11111111 1111 311111111111111 11111111111111111111111

 

