Ubi 1511151, 111515115111115551 11151111,

Quo eum angelis 5115111155 recreantur animae,

Uno pane vivunt cives utriusque patriae,

(1151511 8111181111 15515111,
85111 11511 511 81111 15.

11111111 811111 5111 11115511

111111 511 111111 51111115

11115 55111115, 551 11111115 115111,
1115 11 11111 1111 11111115)

11 51511151111515 8115111 „Ad perennis vitae 1511551ι ⁸

18111115111 1855. 8193.
¹ (11111151 115. 01151115. 155151. 1815. p. 35 -- Kayser, Anthologia.
Ι 1111115515. 1865. p. 31.

⁸ 811 111111 115111151511 5118111151 115 85115111 (ulle 5151111111
111115 55115 11 111151115 1111511111 5. 1. anst) 511 11. 8. 11111111, 851 1115.
5151115111515111115. 185. 11115. 1. 81. 1861. 11. 215.

*315155111111111111111 511 5151151151 111151 5115115115, 11 11
1511 5111151155 1311111 55111115 155 11 11111 511 1511 11511111 5111511511
1111511111115111111111 11511511. 111151 551 5515115111 551 1511111151 Quid·
11511 8111115155, 51111 1511111111 115 5151511511 115111 11511551 1111111151
Quid 511 1111111515 155 5111511515 151111 1111111515. 811115 8111111151
115111111511111111, 1111 115 111135151151115 5111111111 111511118111551511
· 511 51151111111115 81111111111151111115111115 511 1111111511 155 5151111515115111
511111. 8155 511 11111151 115115 11 511 1515515511 5155555551 515 55
11 15111115 111155551111, 11 1111 115 11111 85151111 511 5151511515 115151
15511111111151511111. 811 11111151 115111 511 111 111511111151181111 11551
511 5151511515 5111511, 55 1151151 111111 11111 11111111 1115 1515, 511511 511
5111151151 1111511 1151111 11511111 11111 11115115111111111111111 55115 1151,
15 51111 11511 1511 511 8111115511 151111 511151. (1111115151 5111 1151 115 511
11511151 111511 11515111 511 1151 5515511111 5111111 5155 11111 5118111111 511
3551551111 85515111 55111, 11 55111511 11111151 111111 155 811111 511
5111111155 11115151 551 11111 1111 515111 11111115 1511115111, 511 551511
111151115151511 11511511515111111111511 111151115111511- 1111115 151111 111.
85811111111115111151111115 11151 15 1151151 111115, 55115151 115 1111111
151111115115111 8111111 155, 51111 11111 511111111151115111, 511 5115111511
81111151 11511 1511155115115111 11511111. 8111511111 1551 511 1151155511
155 155111515511151111151115111 5115 15111115 511 8111115151 5111 811111
1115 51551511111511111151111111. 811 1111511151151 115151 111111 11 1111

 

