34.

· 1111111111111111 1111111111 311111111111 1111111 111 1111111 1111811111,

1111 111 61111111 11118111. 1111 1111 111 1111111111, 111 11111111 1111 8111111
11111 111 111111, 1111111 11111, 1111111 11111 11111. ῢ1111111111111111111,
11 111 11111111 11111111 111 1111111 111 11111111 11111111, 1111 111111 11111
11 1111111111) 11, 111111111111111111. 611111 11 1111, 1111111111111
11111, 11111 &tant 1111 1111111 1111111, 11111 111 11111111111111111111111111
1111111 1111 11 11111111 1111111 1111 1111111, 1111111111111111111111 8111.

¹¹ 111111 11111. 1111111. lv. 26111. 6111111111111111 1111.
’ 1111111 1865.

¹¹ 11111111 8111111, 11111111111111111111111. 61111111 1836.

¹¹ 1111 6. 131 in 111111 1111111111 111 1111111111 novi, in novo
Testamento ‚est manifestatio 1111111. Ost. D. 1111111111. eontra Faustum XV.
2 et Enarr. in Psal. LXXXIV. 4.

188111111111 sivo 1111111111 Graecorum ed. Goar. [11111111. 1647.
pag. 835. 1111111 11111111111111 1111111111111 111 11111111 111111 11111
11111111111111. ’1111111 111111111111111 111 quo 11111111 1111 1. 111111 1756
(1111111111Ῥ111111. S. congreg. 1111. F. Tom. 1111111111810.11381111.)Ι

1111111. 11111111, 1111 11. 11111111111111111. 11. 11111111. 1859.
ε. 555. ,81111111111111111111111 1111 1111111, 1111 11111111 111 1111

1111111111111, 111 111111111111111111111111111111. 1111 11111111111111 .

81111111 111 8111111111, 111 1111111 11111111 11111111111111 111 13111111,
111 11111 111111, 1111111 1111 111111 1111 1111111 1111111, 1111111, 11111111 111

’11)11111111111111111111111111111 1111, 11111111, 1111111 11111 111, 11111
111111 111 111 11111 311111111111111111111111 11. 1111 1111111111 111111 111

1111111111 31111 111111111111111111111111 111111 11111111 1111111111 1111111 ,

1111111 1111111111 11 11111 111111 8111111111. Die 1111111111111111 111111
111 1111111, 11111111 111 13111 111 11111111 11111 111111 1111 11 111111 111
11111111 111 111111 111 111 111111111111111111 11111111 11111 111111, 11111111
1111111111 11 111 1111111811111 1111111111. 11111111 11111111 111 11111111
111311111111111111 11111 11111111, 111 11111111 111 1111111111111111111 1111
11111111111311111 11111 1111 11111 (11111, 1111111 111111111111111111111
11111111111111 811111 11. 111111 11111111 111111 111 1111111111 1111 figur·
1111 1111111111 111 1111111 111111 111 11111111 111 111111 11, 111 11111111 111
11111111111111111111, 111111111111111111 111 1111111111 (8111111 111 1111111111
11111, 11111111111111111111111111111111111” 1. 1. 11.

¹¹ 1. 11. 8111, met 8111111111111 1111181111111 111 1111111111111111
1111. 1111111111. 111. 18112. 1. 13 fg.

¹⁶ 1111. S. ,1111111111 de 1111111111. 1111111111. 20. 11681 Ierusalem
verbum 111 hebraeum 1111111111111111 visio pacis. ouius 11111111111111111
sanctificati homines 111.

¹¹ Anathematismi 6111111011. 1.

1811111111.11.ῦ.1.321.

¹¹ Δ151111111111111111111111111. 611111111111111111111111.1.1ἶ1.13.2211.

 

