’15

1111111111, 111111 111 111111111111111111; 11111 11111 1111

1111111 111 111111111111111111 11111. {Im 11111111 11 111 1111 ὕ. 19
11111. 131111111111111111611111111111 1111111111, 1111 1111 111
1111111111 111 1111111111 1111111111 11111111 111 1111111, 111 11 111

„Questioni proposte e diseusse 11111Ἀ11111111111 Liturgica 111111

“ nella Pia (1111 (11111 Missione presso Monte Citorio in Roma“ 2,

1111111111111111111111111111111111111 1111111111 1111 11 1111 111
111111111111 1111111111 1111111111. ⁵

Α. 111131111111101111111. x

1) vem 111111 1111 11111111181111111111111 1111111 (1111111111
311111 1111111 , 1111 1111 1111111 1111111 1111111111 311111 (1111111111,
’ 1111111111,11111111111 111 Vitae Sanctorum), 1111 111 111111111111 &orm
(1111111111 1111111111 11111111) 1111.

2) 31 1111111 11111111111111 mit, 111 1111111 111 (11111111 111
11111111 11111111111111 11111111 1111 (Iber 111 13111111 11111. (11111.
1119), 1111111111111111111111111111111 gum 111111 11111 111
’ 11111. &tm 1111111111 1111, 111 1111 111 1111111111 1111111111 1111
111 (arabem 111 1111111111 111 1111111111 11111111111111111 11 1111111111.

3) 31 11111111 111 1111111111 111111 1118111111 111111 1111111 x

ῧ1111111111111111111111 111 11111111 1111 111 alten 1111111111 11111
1111111, ver 11111111 1111111111 1111111111 111 11111 (1111111111 111
111111 1111111 111 1111111111 3¹1 1111111111 3111111111. cxvffl. 62'.
164). 1111111 11111 11 11111111111111111111111 1111111111111
11111 &waben 111 11111111111111 111 3111111111 1111111 (Dan. VI.
10). 1111 1111111 3111111111 11 111 311111 1111111111, 111 11111 111
11111οηί1111 61111111111111111, 111111 111 11111111 111 11111 111111 ·
1111111111 11111 (1111111111. 3). magen» 1111111111
1111111, 11 111 1111111 11111111 11111111111111,111 1111111 11111111
111111 111 1111111111 (1111111 11 311111 11111 6111111 1111111111111
11111111 (1111111, 11111111 111 6111111111111 111111 111 1111111, nica
11111 11111111. 1111111111 1111111111 11111111, 1111111111111111111111
1111111111 (Ι Paral. XXIII. 3⁰3 Psal. cxxxm. 1. 2) 111111 1111

ὓ1111, 1111111111 111 1111111111, 111111 1111111111111011111111111

 

