(11111111111111111111111, 1111111 1111 1111111111 111; 11 11111 11111111
11111 1111111111111111111111 111 (11111, 1111111 111, 1111111 11 11
1111111111, 1111 11111 11111111 11111111 11111111. 311111 1111111111
11111 111111111111 11111111 11111111111111 1111111111 111 (311111, 111
gratia gratuita, 111111111111111111111, 11111 111111; 111 1111111111
11111111 111111111 1111111 111111111111111 1111, 1111 111111111111111 111
1111611111. Der 11111111 111 1111111111111111111 111 1111111 111111
11111111 1111111111 111111111,111111111 111111111111111 1111111111
11111 1111111111 111111 ffssiuen 11111 1311111 111 gralia operans 111111
11111111 11111111 11111111, 111 111111 1111111111111111111111111111
11111111111111111111 11111 1111111111 11111111 111 111111111111111 11111
11111111 1111 ¹. 1111111 11111111 111 111 1111111 111 1111 1111111111
11111111 (1111111111111111111111(1111111111, 111 111111111111
111111 11111111 111111. 1111111 111111111111 111 1111111111111111.
1111 11111 111111 111111, 111 11 11111111 , 1111 1111 111 11111111, 111
111111 11111111111111. 111111 1111111111 1111 11. 1111111, 111 uns

. 1111111111111111111111;1111111111111111111, 1111111111111

1111111 11111. Ν
mie 1111 1111111111 111111111111111111111111111111 111 1111111111

1111111111111111111111111111111 11111111 1111111111 1111 111 6111111
111111111, 111, 111 111 1111111111111111111 11111 11111111 1111111111,
111111 11111111 1111 1111111111 11111111 1111111111 11111111, 111 1111111111
1111111 11111111111111111111111111. 11111 61111111 11111111111111111111111
11111111111111111111111111 61111111. 1111 11111111 1111111 1111 111
11111 1111111111. 111111111111111111111111111 1111111 11111 111 1111.

Ι111111111111111111111111.11111111111111111111111111111111111111 · ¹

111111 1111111111 1111111111111111111111. 1111111111 111 1111111111
1111111, 111 11 11 111 expositio fidei 1111 111111111111111, 111111
1111111, 1111, 11 111 111111 11111. 111111 1111111111, 13111111, 11111111
111, 11111111, 1111111111, 11111111 1111111111. (11 11111 11111111 111111
111, 1111111111111111, 111 1111 1111111111111111111111111111

11111. 1111111 111111 111 11111111. 1111111111 1856 11. 1179 11.

 

